ID_Paciente: 324953
wbc_count: 4027.9999999999986
rbc_count: 33628.99999999998
plt_count: 836.0
dif_count: 0
wbc_double_rate: 0.01264253842340109
rbc_double_rate: 0.030390436825359066
plt_double_rate: 0.0023923444976076554
wbc_double_pulses: 50.92414476945957
rbc_double_pulses: 1021.9999999999993
plt_double_pulses: 2.0
hgbs: 8148.0 4497.0
